
wezly 50 stopien 1; (-8, 8)	0.19453594297914642008
wezly 50 stopien 2; (-8, 8)	0.19453594297914642008
wezly 50 stopien 3; (-8, 8)	0.19283146954044713683
wezly 50 stopien 4; (-8, 8)	0.19283146954044719235
wezly 50 stopien 5; (-8, 8)	0.19281330162472321010
wezly 50 stopien 6; (-8, 8)	0.19281330162472323786
wezly 50 stopien 7; (-8, 8)	0.18645566266651983356
wezly 50 stopien 8; (-8, 8)	0.18645566266651983356
wezly 50 stopien 9; (-8, 8)	0.16469488696210013434
wezly 50 stopien 10; (-8, 8)	0.16469488696210010659
wezly 50 stopien 11; (-8, 8)	0.16370301421199590086
wezly 50 stopien 12; (-8, 8)	0.16370301421199592862
wezly 50 stopien 13; (-8, 8)	0.13846202215377398370
wezly 50 stopien 14; (-8, 8)	0.13846202215377395595
wezly 50 stopien 15; (-8, 8)	0.09689715202657898929
wezly 50 stopien 16; (-8, 8)	0.09689715202657915583
wezly 50 stopien 17; (-8, 8)	0.07648739909408484861
wezly 50 stopien 18; (-8, 8)	0.07648739909407817339
wezly 50 stopien 19; (-8, 8)	0.07466247675408434203
wezly 50 stopien 20; (-8, 8)	0.07466247675733543587